
Task 1
  n_uid    n_aid    n_tid
-------  -------  -------
    182    16048  9681756

Task 2
  average    maximum    minimum
---------  ---------  ---------
  88.1758       2102          0

Task 3
  uid    n_activities
-----  --------------
  128            2102
  153            1793
  025             715
  163             704
  062             691
  144             563
  041             399
  085             364
  004             346
  140             345

Task 4
  Users with multi-day activities
---------------------------------
                               98

Task 5
user    id_1    id_2
------  ------  ------

Task 7
  id    has_labels
----  ------------
 000             0
 001             0
 002             0
 003             0
 004             0
 005             0
 006             0
 007             0
 008             0
 009             0
 011             0
 012             0
 013             0
 014             0
 015             0
 016             0
 017             0
 018             0
 019             0
 020             1
 021             1
 022             0
 023             0
 024             0
 025             0
 026             0
 027             0
 028             0
 029             0
 030             0
 031             0
 032             0
 033             0
 034             0
 035             0
 036             0
 037             0
 038             0
 039             0
 040             0
 041             0
 042             0
 043             0
 044             0
 045             0
 046             0
 047             0
 048             0
 049             0
 050             0
 051             0
 052             1
 053             1
 054             0
 055             0
 056             1
 057             0
 059             1
 060             1
 061             0
 063             0
 064             1
 065             1
 066             0
 067             1
 068             1
 069             1
 070             0
 071             0
 072             0
 073             1
 074             0
 075             1
 076             1
 077             0
 079             0
 081             1
 082             1
 083             0
 084             1
 086             1
 087             1
 088             1
 089             1
 090             0
 091             1
 092             1
 093             0
 094             0
 095             0
 096             1
 097             1
 099             0
 100             1
 101             1
 102             1
 103             0
 104             1
 105             1
 106             1
 107             1
 108             1
 109             0
 110             1
 112             1
 113             0
 114             1
 115             1
 116             1
 117             1
 118             1
 119             0
 120             0
 121             0
 122             0
 123             0
 124             1
 125             1
 126             1
 127             0
 129             1
 130             0
 131             0
 132             0
 133             0
 134             0
 135             0
 136             1
 137             0
 138             1
 139             1
 140             0
 141             1
 142             0
 143             0
 144             1
 145             0
 146             0
 147             1
 148             0
 149             0
 150             0
 151             0
 152             0
 153             1
 154             1
 155             0
 156             0
 157             0
 158             0
 159             0
 160             0
 161             1
 162             0
 164             0
 165             0
 166             0
 167             1
 168             0
 169             0
 170             1
 171             0
 172             0
 173             0
 174             1
 175             1
 176             0
 177             0
 178             0
 179             1
 180             0
 181             0
Amount of users that have never taken a taxi:  172

Task 8
transportation_mode      unique_uids
---------------------  -------------
airplane                           1
bike                              19
boat                               1
bus                               12
car                                8
run                                1
subway                             4
taxi                              10
train                              2
walk                              31

Task 9a
  Year with most activities  Month with most activities in this year
---------------------------  -----------------------------------------
                       2008  November

Task 9b
  uid    n_activities    hours
-----  --------------  -------
  062             130  47.3136
  128              75  68.2211

Task 10
User_id: 112
Distance in 2008: 1.3497848643311852

Task 11
  uid    m gained
-----  ----------
  128     2135455
  153     1820766
    4     1089358
   41      789890
    3      766613
   85      714049
  163      673439
   62      596103
  144      588771
   30      576377
   39      481311
   84      430319
    0      398638
    2      377503
  167      370647
   25      358098
   37      325528
  140      311151
  126      272389
   17      205270

Task 12
182
  uid    Invalid activities
-----  --------------------
    0                   445
    1                   116
    2                   296
    3                   849
    4                  1173
    5                   127
    6                    49
    7                   136
    8                    33
    9                   114
   10                   154
   11                    38
   12                   163
   13                    69
   14                   328
   15                   138
   16                    61
   17                   493
   18                    97
   19                    65
   20                    27
   21                    72
   22                   191
   23                    30
   24                    75
   25                   426
   26                    51
   27                    14
   28                    91
   29                    37
   30                   511
   31                     7
   32                    37
   33                     3
   34                   241
   35                   124
   36                   126
   37                   279
   38                   266
   39                   427
   40                    52
   41                   389
   42                   118
   43                    73
   44                    83
   45                    19
   46                    26
   47                    19
   48                     5
   49                     0
   50                    17
   51                   146
   52                   138
   53                    39
   54                     8
   55                    28
   56                    11
   57                    60
   58                    25
   59                     8
   60                     1
   61                    41
   62                   397
   63                    27
   64                    10
   65                    46
   66                    40
   67                    83
   68                   327
   69                    65
   70                    16
   71                    64
   72                     6
   73                    30
   74                    19
   75                     8
   76                    33
   77                    11
   78                    26
   79                     3
   80                     8
   81                    42
   82                    65
   83                    56
   84                   230
   85                   384
   86                    19
   87                     3
   88                    13
   89                   116
   90                    15
   91                   110
   92                   315
   93                     4
   94                    60
   95                    20
   96                    67
   97                    27
   98                    25
   99                   113
  100                     5
  101                   166
  102                    16
  103                    44
  104                   351
  105                    35
  106                    66
  107                     2
  108                    28
  109                     9
  110                    48
  111                   251
  112                   140
  113                     1
  114                     4
  115                   183
  116                     0
  117                     3
  118                    31
  119                    79
  120                     0
  121                    15
  122                    21
  123                    21
  124                    12
  125                    69
  126                   242
  127                     8
  128                  1288
  129                    41
  130                    18
  131                    59
  132                     3
  133                    18
  134                    83
  135                    21
  136                    34
  137                     0
  138                    27
  139                    50
  140                   195
  141                     1
  142                   200
  143                     0
  144                   551
  145                    17
  146                    28
  147                    64
  148                     0
  149                     0
  150                    60
  151                     4
  152                     4
  153                  1154
  154                    28
  155                    70
  156                     0
  157                    65
  158                    28
  159                     7
  160                     0
  161                     7
  162                    27
  163                   559
  164                    20
  165                     4
  166                     4
  167                   334
  168                    36
  169                    12
  170                     2
  171                    14
  172                    21
  173                    11
  174                   188
  175                    20
  176                    24
  177                     0
  178                     0
  179                    42
  180                     2
  181                    49
